"method","rep","theta","sigma","true_tau","bias","ci_lower","ci_upper","coverage","mean_score","pct_nonempty_e","pct_nonempty_m0","pct_nonempty_m1","n_intersecting_e"
"fold_specific",1,0.166428237222693,0.934775887400913,0.15,0.0164282372226927,0.134040500291223,0.198815974154162,1,-4.58326085417404e-15,NA,NA,NA,NA
"rashomon",1,0.18031746355027,0.935122508925275,0.15,0.0303174635502704,0.147917717016395,0.212717210084146,1,5.52072276782667e-15,NA,NA,NA,NA
"oracle",1,0.130937384406957,0.906830610259608,0.15,-0.0190626155930434,0.099517884137053,0.16235688467686,1,3.26641491632529e-15,NA,NA,NA,NA
"fold_specific",2,0.151239541854938,0.927099014797201,0.15,0.00123954185493819,0.119117790100982,0.183361293608895,1,7.02882196890187e-15,NA,NA,NA,NA
"rashomon",2,0.164550202998464,0.924775611090607,0.15,0.0145502029984638,0.132508951596569,0.196591454400358,1,-1.07878983524046e-15,NA,NA,NA,NA
"oracle",2,0.160329891050107,0.921618082151049,0.15,0.010329891050107,0.128398040434033,0.192261741666181,1,4.32612279333e-15,NA,NA,NA,NA
"fold_specific",3,0.132412510505609,0.924926276699881,0.15,-0.0175874894943908,0.100366038902612,0.164458982108606,1,-3.06672222338822e-15,NA,NA,NA,NA
"rashomon",3,0.170905350806076,0.934679240433768,0.15,0.0209053508060764,0.138520962459641,0.203289739152512,1,3.5374481122119e-15,NA,NA,NA,NA
"oracle",3,0.161386183881587,0.900272137957158,0.15,0.0113861838815867,0.13019391890783,0.192578448855344,1,8.66667848598013e-16,NA,NA,NA,NA
"fold_specific",4,0.1456501381131,0.933698701005154,0.15,-0.00434986188690034,0.113299723100265,0.178000553125934,1,-2.44908260338406e-16,NA,NA,NA,NA
"rashomon",4,0.142634947976001,0.927883379301098,0.15,-0.00736505202399895,0.110486019877904,0.174783876074098,1,-3.83890835786715e-15,NA,NA,NA,NA
"oracle",4,0.169924729686605,0.92484368410059,0.15,0.0199247296866053,0.137881119718589,0.201968339654622,1,-1.73472347597681e-16,NA,NA,NA,NA
"fold_specific",5,0.13367956324117,0.918305877220971,0.15,-0.0163204367588299,0.101862472562087,0.165496653920253,1,2.10227668606677e-15,NA,NA,NA,NA
"rashomon",5,0.153097160901394,0.929273182578985,0.15,0.003097160901394,0.120900079461349,0.185294242341439,1,2.74117534226903e-15,NA,NA,NA,NA
"oracle",5,0.154947746814441,0.926566025408269,0.15,0.00494774681444102,0.122844461861296,0.187051031767586,1,5.92983995240104e-15,NA,NA,NA,NA
"fold_specific",6,0.120173504408388,0.941297048453826,0.15,-0.0298264955916118,0.0875598249258576,0.152787183890919,1,-2.5773827516673e-15,NA,NA,NA,NA
"rashomon",6,0.135716783185133,0.951546623974953,0.15,-0.0142832168148671,0.102747980554785,0.168685585815481,1,-4.26880752968373e-15,NA,NA,NA,NA
"oracle",6,0.140607076350617,0.921992102690806,0.15,-0.0093929236493831,0.108662266822132,0.172551885879102,1,9.2217899982927e-16,NA,NA,NA,NA
"fold_specific",7,0.155152730722081,0.926492669186121,0.15,0.00515273072208125,0.123051987385657,0.187253474058506,1,4.54147136563776e-15,NA,NA,NA,NA
"rashomon",7,0.115460017467971,0.923850469132347,0.15,-0.0345399825320294,0.0834508200105265,0.147469214925415,0,1.02938491064464e-15,NA,NA,NA,NA
"oracle",7,0.159828250636684,0.896735290187726,0.15,0.00982825063668366,0.128758528934171,0.190897972339196,1,-5.09710329499313e-15,NA,NA,NA,NA
"fold_specific",8,0.146795648863745,0.930874507062479,0.15,-0.00320435113625545,0.114543085380557,0.179048212346932,1,-4.22446799763776e-15,NA,NA,NA,NA
"rashomon",8,0.166528425415481,0.935536755536019,0.15,0.0165284254154808,0.134114326232554,0.198942524598407,1,4.73246442034281e-15,NA,NA,NA,NA
"oracle",8,0.132958783569148,0.913095617611441,0.15,-0.0170412164308521,0.101322215858032,0.164595351280264,1,-4.57876792037126e-15,NA,NA,NA,NA
"fold_specific",9,0.157623629961427,0.928613503012455,0.15,0.00762362996142738,0.125449404832235,0.18979785509062,1,-3.97891788961324e-15,NA,NA,NA,NA
"rashomon",9,0.152579736722,0.933565874645217,0.15,0.00257973672200032,0.120233923823171,0.184925549620829,1,4.03531374981725e-15,NA,NA,NA,NA
"oracle",9,0.132722309224368,0.939522234995218,0.15,-0.0172776907756323,0.100170122760832,0.165274495687903,1,5.28681265432596e-15,NA,NA,NA,NA
"fold_specific",10,0.165090227402704,0.938034301119586,0.15,0.015090227402704,0.132589594270384,0.197590860535024,1,-5.29319643671755e-15,NA,NA,NA,NA
"rashomon",10,0.127466586059397,0.957709234482825,0.15,-0.0225334139406031,0.0942842637922782,0.160648908326516,1,1.48353551665537e-15,NA,NA,NA,NA
"oracle",10,0.154501664124236,0.901521516595593,0.15,0.00450166412423639,0.123266111184653,0.18573721706382,1,2.22089707735407e-15,NA,NA,NA,NA
"fold_specific",11,0.147407495292814,0.927540556893317,0.15,-0.00259250470718581,0.115270445166867,0.179544545418761,1,2.15438777928512e-15,NA,NA,NA,NA
"rashomon",11,0.176218402230364,0.93582729477828,0.15,0.0262184022303639,0.143794236561263,0.208642567899465,1,5.09377262591926e-15,NA,NA,NA,NA
"oracle",11,0.15533458895464,0.956532697659522,0.15,0.00533458895464009,0.122193030859594,0.188476147049686,1,-5.22991372431392e-15,NA,NA,NA,NA
"fold_specific",12,0.125390771878121,0.939180110665421,0.15,-0.0246092281218785,0.0928504392000124,0.15793110455623,1,3.72885750055119e-15,NA,NA,NA,NA
"rashomon",12,0.124685849101023,0.934861736812818,0.15,-0.0253141508989768,0.0922951376938465,0.1570765605082,1,2.9171109972026e-16,NA,NA,NA,NA
"oracle",12,0.151502098908749,0.901375988013632,0.15,0.00150209890874947,0.120271588184623,0.182732609632876,1,3.29479499239227e-15,NA,NA,NA,NA
"fold_specific",13,0.159069409669217,0.925961334906611,0.15,0.00906940966921693,0.126987075788042,0.191151743550392,1,-5.48894263374677e-15,NA,NA,NA,NA
"rashomon",13,0.121144626952902,0.93406812735134,0.15,-0.0288553730470981,0.0887814122054177,0.153507841700386,1,2.30614138896357e-15,NA,NA,NA,NA
"oracle",13,0.147344899380055,0.958380301311488,0.15,-0.00265510061994542,0.11413932626083,0.180550472499279,1,-5.08308672930724e-15,NA,NA,NA,NA
"fold_specific",14,0.159084731613046,0.933850547523215,0.15,0.0090847316130464,0.12672905548346,0.191440407742633,1,6.02830285689748e-15,NA,NA,NA,NA
"rashomon",14,0.153844945900666,0.925513206564439,0.15,0.00384494590066603,0.121778138589071,0.185911753212261,1,1.04170144732407e-15,NA,NA,NA,NA
"oracle",14,0.132299312759663,0.907197230144451,0.15,-0.0177006872403372,0.100867109992247,0.163731515527079,1,2.4189678038411e-15,NA,NA,NA,NA
"fold_specific",15,0.11852154729135,0.926166827284228,0.15,-0.0314784527086498,0.0864320935933748,0.150611000989326,1,4.60950722036557e-16,NA,NA,NA,NA
"rashomon",15,0.158160211381423,0.916018511267875,0.15,0.00816021138142289,0.126422372432892,0.189898050329954,1,5.7814864007355e-15,NA,NA,NA,NA
"oracle",15,0.147354557420759,0.903627244737441,0.15,-0.00264544257924071,0.116046046064055,0.178663068777464,1,-5.61696522627386e-15,NA,NA,NA,NA
"fold_specific",16,0.155015077748656,0.942401974287754,0.15,0.00501507774865587,0.122363115242654,0.187667040254658,1,3.18593242065734e-15,NA,NA,NA,NA
"rashomon",16,0.135209437862284,0.946825297514112,0.15,-0.0147905621377157,0.102404217841889,0.16801465788268,1,-2.77174116991574e-15,NA,NA,NA,NA
"oracle",16,0.180507289071218,0.903704377998593,0.15,0.030507289071218,0.149196105232473,0.211818472909963,1,2.80123146900735e-16,NA,NA,NA,NA
"fold_specific",17,0.14317350008332,0.929194499376668,0.15,-0.00682649991667969,0.11097914482705,0.17536785533959,1,-3.09821612809458e-15,NA,NA,NA,NA
"rashomon",17,0.131216777075951,0.936163138705467,0.15,-0.0187832229240492,0.0987809752222732,0.163652578929628,1,-1.50993800795973e-15,NA,NA,NA,NA
"oracle",17,0.153470368930166,0.950546715275245,0.15,0.00347036893016578,0.120536210732091,0.18640452712824,1,-1.75068293195579e-15,NA,NA,NA,NA
"fold_specific",18,0.166822299401777,0.941086259340551,0.15,0.0168222994017771,0.134215923255202,0.199428675548352,1,1.65839564303383e-17,NA,NA,NA,NA
"rashomon",18,0.149409759424269,0.957337926842202,0.15,-0.000590240575730594,0.116240302074129,0.182579216774409,1,-4.4639292262616e-15,NA,NA,NA,NA
"oracle",18,0.13954773826679,0.911707721238477,0.15,-0.0104522617332105,0.107959257827951,0.171136218705628,1,6.01005356593021e-15,NA,NA,NA,NA
"fold_specific",19,0.131931245475111,0.909270958939304,0.15,-0.0180687545248887,0.100427192991009,0.163435297959213,1,-1.34545152796761e-16,NA,NA,NA,NA
"rashomon",19,0.135955197523434,0.938243736131506,0.15,-0.0140448024765658,0.103447307971515,0.168463087075354,1,1.51940959813857e-15,NA,NA,NA,NA
"oracle",19,0.140206811887801,0.894784788352182,0.15,-0.00979318811219879,0.109204670384121,0.171208953391481,1,1.96918870098983e-15,NA,NA,NA,NA
"fold_specific",20,0.136382759293984,0.917547425730222,0.15,-0.0136172407060156,0.104591947135441,0.168173571452527,1,-3.45223849507192e-15,NA,NA,NA,NA
"rashomon",20,0.183916051289823,0.934095304141647,0.15,0.0339160512898226,0.151551894931898,0.216280207647747,0,3.17697257390392e-15,NA,NA,NA,NA
"oracle",20,0.152351377157712,0.939648745384002,0.15,0.00235137715771205,0.119794807413385,0.184907946902039,1,-5.15081033380937e-15,NA,NA,NA,NA
"fold_specific",21,0.148866381959175,0.914695162769047,0.15,-0.00113361804082454,0.117174393854281,0.18055837006407,1,6.52672360601514e-16,NA,NA,NA,NA
"rashomon",21,0.134974833060765,0.936723393382908,0.15,-0.0150251669392353,0.102519619729585,0.167430046391944,1,2.69791133877817e-15,NA,NA,NA,NA
"oracle",21,0.141673563041056,0.928299619535729,0.15,-0.00832643695894358,0.109510213219633,0.173836912862479,1,-4.30468161116693e-15,NA,NA,NA,NA
"fold_specific",22,0.170888233535822,0.926091614285536,0.15,0.0208882335358218,0.13880138578741,0.202975081284234,1,-2.62137533901807e-15,NA,NA,NA,NA
"rashomon",22,0.158050864007373,0.928824289521037,0.15,0.00805086400737282,0.125869335632471,0.190232392382275,1,1.01800512464223e-15,NA,NA,NA,NA
"oracle",22,0.123030199895302,0.940136931546077,0.15,-0.0269698001046984,0.0904567156742496,0.155603684116354,1,-4.49702775018324e-15,NA,NA,NA,NA
"fold_specific",23,0.150139561339721,0.930727790479802,0.15,0.000139561339721428,0.117892081233359,0.182387041446084,1,-4.48810259789933e-15,NA,NA,NA,NA
"rashomon",23,0.173705662870696,0.933391328005649,0.15,0.0237056628706965,0.14136589759325,0.206045428148143,1,-4.94496804614997e-15,NA,NA,NA,NA
"oracle",23,0.131219946195384,0.92687662123549,0.15,-0.0187800538046161,0.0991058998436196,0.163333992547148,1,5.45605227664225e-16,NA,NA,NA,NA
"fold_specific",24,0.152804876209379,0.9206534114962,0.15,0.00280487620937891,0.12090644911205,0.184703303306708,1,4.08853506606022e-15,NA,NA,NA,NA
"rashomon",24,0.147730959167216,0.939569872232818,0.15,-0.00226904083278412,0.115177122187936,0.180284796146496,1,5.59031987368286e-15,NA,NA,NA,NA
"oracle",24,0.165621546302333,0.950677357989848,0.15,0.0156215463023328,0.132682861648313,0.198560230956352,1,2.65999028359332e-15,NA,NA,NA,NA
"fold_specific",25,0.153829068104285,0.91580311515661,0.15,0.00382906810428463,0.122098692113112,0.185559444095457,1,-6.19497508846933e-15,NA,NA,NA,NA
"rashomon",25,0.161079020847835,0.937221416033544,0.15,0.0110790208478348,0.128606552229252,0.193551489466417,1,3.58782448195427e-15,NA,NA,NA,NA
"oracle",25,0.162087039521723,0.882638829546567,0.15,0.0120870395217234,0.131505726287021,0.192668352756426,1,-3.5756120286834e-15,NA,NA,NA,NA
"fold_specific",26,0.171907760436273,0.949651725270159,0.15,0.0219077604362728,0.139004611489968,0.204810909382577,1,-4.32821313511855e-15,NA,NA,NA,NA
"rashomon",26,0.149995538046598,0.929630573518006,0.15,-4.46195340184086e-06,0.117786073869823,0.182205002223373,1,4.5447326457726e-15,NA,NA,NA,NA
"oracle",26,0.167001227444721,0.947582758436698,0.15,0.0170012274447212,0.13416976322459,0.199832691664852,1,-2.38573050204138e-15,NA,NA,NA,NA
"fold_specific",27,0.13638024734575,0.927034148425064,0.15,-0.0136197526542496,0.104260743055624,0.168499751635876,1,-4.1096293035281e-15,NA,NA,NA,NA
"rashomon",27,0.145324253466244,0.938286437932732,0.15,-0.00467574653375596,0.112814884399584,0.177833622532904,1,2.57327145702924e-15,NA,NA,NA,NA
"oracle",27,0.15198356141888,0.951278751611944,0.15,0.00198356141887987,0.11902403992184,0.184943082915919,1,-1.6769918786963e-15,NA,NA,NA,NA
"fold_specific",28,0.135897072976219,0.934881879217045,0.15,-0.0141029270237812,0.103505663683166,0.168288482269272,1,2.65322486203701e-15,NA,NA,NA,NA
"rashomon",28,0.143488922461497,0.915646804817671,0.15,-0.00651107753850261,0.111763962247738,0.175213882675257,1,1.66649680166664e-15,NA,NA,NA,NA
"oracle",28,0.111909110193818,0.920933186850096,0.15,-0.0380908898061817,0.0800009895531662,0.14381723083447,0,-2.01012817502288e-15,NA,NA,NA,NA
"fold_specific",29,0.142752296807921,0.903778207127818,0.15,-0.00724770319207863,0.111438554967363,0.17406603864848,1,6.12131872967936e-15,NA,NA,NA,NA
"rashomon",29,0.19184146565086,0.932450743936331,0.15,0.04184146565086,0.159534289349883,0.224148641951837,0,-8.21419321450634e-15,NA,NA,NA,NA
"oracle",29,0.1417918301143,0.939908655395406,0.15,-0.00820816988569961,0.109226255113004,0.174357405115597,1,5.21978293921421e-16,NA,NA,NA,NA
"fold_specific",30,0.167210406096774,0.929767382815537,0.15,0.0172104060967744,0.134996201806783,0.199424610386765,1,6.04599703635245e-15,NA,NA,NA,NA
"rashomon",30,0.150304981377263,0.932033896088055,0.15,0.000304981377262814,0.118012247851964,0.182597714902562,1,3.62938845643868e-15,NA,NA,NA,NA
"oracle",30,0.149684251482395,0.925343340711139,0.15,-0.000315748517604547,0.117623329614194,0.181745173350597,1,-4.37899716487777e-15,NA,NA,NA,NA
"fold_specific",31,0.14477969488765,0.929639762382852,0.15,-0.00522030511234997,0.112569912338802,0.176989477436498,1,5.47346890034106e-15,NA,NA,NA,NA
"rashomon",31,0.12979251560314,0.920307871093357,0.15,-0.0202074843968602,0.097906060649955,0.161678970556325,1,4.19844714549811e-15,NA,NA,NA,NA
"oracle",31,0.15206132131242,0.926972450863991,0.15,0.00206132131241954,0.11994395469444,0.1841786879304,1,-4.99364438688588e-15,NA,NA,NA,NA
"fold_specific",32,0.125556693869384,0.927267992616562,0.15,-0.0244433061306161,0.0934290874402754,0.157684300298492,1,-2.78069234305178e-15,NA,NA,NA,NA
"rashomon",32,0.130981195755556,0.930369305135021,0.15,-0.0190188042444444,0.0987461363044512,0.16321625520666,1,-5.1979254234169e-15,NA,NA,NA,NA
"oracle",32,0.130929736392161,0.953948626817995,0.15,-0.0190702636078391,0.0978777101386563,0.163981762645665,1,4.23269058691389e-15,NA,NA,NA,NA
"fold_specific",33,0.145165363109484,0.925729567973797,0.15,-0.00483463689051558,0.113091059395273,0.177239666823696,1,-4.15875667236776e-15,NA,NA,NA,NA
"rashomon",33,0.163199156313885,0.939690115124423,0.15,0.0131991563138848,0.130641153207522,0.195757159420248,1,-2.54428422774566e-15,NA,NA,NA,NA
"oracle",33,0.164276148945861,0.917856083733328,0.15,0.0142761489458609,0.132474642529645,0.196077655362077,1,3.50940630722274e-15,NA,NA,NA,NA
"fold_specific",34,0.116407048486102,0.936280836279181,0.15,-0.0335929515138979,0.0839671686944864,0.148846928277718,0,1.68413893941732e-15,NA,NA,NA,NA
"rashomon",34,0.137125104539453,0.890297938396879,0.15,-0.0128748954605469,0.106278421598581,0.167971787480325,1,-4.58605375897037e-15,NA,NA,NA,NA
"oracle",34,0.159671821516355,0.921067597858411,0.15,0.00967182151635457,0.127759043857441,0.191584599175268,1,2.71081768143944e-15,NA,NA,NA,NA
"fold_specific",35,0.146047504093932,0.925365290606148,0.15,-0.00395249590606805,0.113985821714644,0.17810918647322,1,2.94035629178069e-15,NA,NA,NA,NA
"rashomon",35,0.109307360307099,0.915809359495213,0.15,-0.0406926396929008,0.0775767679646081,0.14103795264959,0,1.02296643378352e-15,NA,NA,NA,NA
"oracle",35,0.15479446378697,0.934881853567175,0.15,0.00479446378697004,0.122403055382623,0.187185872191317,1,2.90600876695635e-16,NA,NA,NA,NA
"fold_specific",36,0.131314498767549,0.922578956791267,0.15,-0.0186855012324508,0.0993493561555104,0.163279641379588,1,-4.55856706549351e-15,NA,NA,NA,NA
"rashomon",36,0.127558105150667,0.950455824134893,0.15,-0.0224418948493332,0.0946270961120675,0.160489114189266,1,3.32615879283793e-15,NA,NA,NA,NA
"oracle",36,0.143528833120958,0.946482426384782,0.15,-0.00647116687904176,0.110735492760797,0.176322173481119,1,-6.8276634346276e-15,NA,NA,NA,NA
"fold_specific",37,0.123757367392948,0.932268032849537,0.15,-0.0262426326070522,0.0914565215918197,0.156058213194076,1,7.38159533497651e-16,NA,NA,NA,NA
"rashomon",37,0.155160758737776,0.941724600384895,0.15,0.00516075873777577,0.122532265608836,0.187789251866716,1,3.44516082328994e-15,NA,NA,NA,NA
"oracle",37,0.156808714812623,0.92180822167612,0.15,0.00680871481262341,0.124870276319176,0.188747153306071,1,3.62404550813267e-15,NA,NA,NA,NA
"fold_specific",38,0.153699318571672,0.933376718078665,0.15,0.00369931857167158,0.121360059493067,0.186038577650276,1,3.02299851817622e-15,NA,NA,NA,NA
"rashomon",38,0.158301812797507,0.92975303019833,0.15,0.00830181279750672,0.126088105791193,0.190515519803821,1,2.70602984464574e-15,NA,NA,NA,NA
"oracle",38,0.156490523457867,0.90855701121039,0.15,0.00649052345786738,0.125011207545963,0.187969839369772,1,4.21399026784286e-16,NA,NA,NA,NA
"fold_specific",39,0.134045951661135,0.921482436124213,0.15,-0.0159540483388653,0.102118800853745,0.165973102468525,1,4.11432173053061e-15,NA,NA,NA,NA
"rashomon",39,0.164811407370234,0.929634163314866,0.15,0.0148114073702345,0.13260181881563,0.197020995924839,1,-3.05293984537158e-15,NA,NA,NA,NA
"oracle",39,0.161955104727197,0.929932146200929,0.15,0.0119551047271969,0.129735191782058,0.194175017672336,1,1.33872080088082e-15,NA,NA,NA,NA
"fold_specific",40,0.168245597188365,0.938853123884693,0.15,0.0182455971883652,0.135716593816004,0.200774600560726,1,-6.82370826510237e-15,NA,NA,NA,NA
"rashomon",40,0.136630329174641,0.916055557834673,0.15,-0.013369670825359,0.104891206651645,0.168369451697637,1,-4.1515402227077e-15,NA,NA,NA,NA
"oracle",40,0.148071960537247,0.907430673793431,0.15,-0.00192803946275333,0.116631669508684,0.17951225156581,1,-3.31734639757997e-15,NA,NA,NA,NA
"fold_specific",41,0.149648520567181,0.926917052156262,0.15,-0.000351479432818907,0.117533073381224,0.181763967753138,1,4.59705190580806e-15,NA,NA,NA,NA
"rashomon",41,0.144332091286093,0.939554051857008,0.15,-0.00566790871390679,0.111778802444797,0.17688538012739,1,-5.46991271721531e-15,NA,NA,NA,NA
"oracle",41,0.137394696812619,0.910739531649544,0.15,-0.0126053031873806,0.105839761815131,0.168949631810108,1,1.14241949233929e-15,NA,NA,NA,NA
"fold_specific",42,0.137585376468244,0.922172444768977,0.15,-0.0124146235317562,0.105634318520363,0.169536434416124,1,3.69732022775793e-15,NA,NA,NA,NA
"rashomon",42,0.128114368310917,0.921598500651834,0.15,-0.0218856316890831,0.0961831961467093,0.160045540475125,1,-3.43829131832507e-15,NA,NA,NA,NA
"oracle",42,0.148623480778089,0.924202642980798,0.15,-0.00137651922191107,0.11660208134356,0.180644880212618,1,7.0530387086265e-16,NA,NA,NA,NA
"fold_specific",43,0.180321735378119,0.944436231861002,0.15,0.0303217353781189,0.147599290738355,0.213044180017883,1,-3.82568976498021e-15,NA,NA,NA,NA
"rashomon",43,0.134803050851212,0.912274704428062,0.15,-0.0151969491487876,0.103194925808104,0.16641117589432,1,3.39478445354757e-15,NA,NA,NA,NA
"oracle",43,0.116699549116219,0.937571271918409,0.15,-0.033300450883781,0.0842149588324161,0.149184139400022,0,1.54650597883332e-16,NA,NA,NA,NA
"fold_specific",44,0.160618105232187,0.936103125825336,0.15,0.0106181052321874,0.128184382680512,0.193051827783863,1,4.39870362356487e-15,NA,NA,NA,NA
"rashomon",44,0.141458941590614,0.915620635041922,0.15,-0.00854105840938629,0.109734888096662,0.173182995084566,1,4.90767149141647e-15,NA,NA,NA,NA
"oracle",44,0.171303098740194,0.901509114268262,0.15,0.0213030987401944,0.140067975511433,0.202538221968956,1,-2.69277655728928e-15,NA,NA,NA,NA
"fold_specific",45,0.163896913858594,0.962708242787401,0.15,0.013896913858594,0.130541387973294,0.197252439743894,1,-4.13245826447195e-16,NA,NA,NA,NA
"rashomon",45,0.14085746871624,0.92957385423489,0.15,-0.00914253128375964,0.10864996972625,0.17306496770623,1,-5.60010371408737e-15,NA,NA,NA,NA
"oracle",45,0.164819896632523,0.928165146785131,0.15,0.0148198966325231,0.132661205968583,0.196978587296463,1,-3.11844300382447e-15,NA,NA,NA,NA
"fold_specific",46,0.174199448510321,0.900505218722008,0.15,0.0241994485103205,0.142999107848479,0.205399789172162,1,-7.17599590860374e-15,NA,NA,NA,NA
"rashomon",46,0.165490968133898,0.94030420497402,0.15,0.0154909681338977,0.132911688290758,0.198070247977037,1,-3.62501695327921e-15,NA,NA,NA,NA
"oracle",46,0.13097037743917,0.942786507476324,0.15,-0.0190296225608302,0.098305091782752,0.163635663095588,1,2.5249941026928e-15,NA,NA,NA,NA
"fold_specific",47,0.132675306019506,0.917877229162175,0.15,-0.0173246939804936,0.100873066965023,0.16447754507399,1,-3.46236928017163e-15,NA,NA,NA,NA
"rashomon",47,0.151813776306184,0.91681513006721,0.15,0.00181377630618371,0.120048336431639,0.183579216180729,1,8.95429563829708e-16,NA,NA,NA,NA
"oracle",47,0.171974782139042,0.924989394730582,0.15,0.0219747821390421,0.139926123648042,0.204023440630042,1,4.46725989533547e-16,NA,NA,NA,NA
"fold_specific",48,0.179103816540584,0.935118714358913,0.15,0.029103816540584,0.14670420147931,0.211503431601858,1,5.00030572503363e-15,NA,NA,NA,NA
"rashomon",48,0.142458567537518,0.91070482745035,0.15,-0.00754143246248248,0.110904834957089,0.174012300117946,1,1.75970349403087e-15,NA,NA,NA,NA
"oracle",48,0.161581709777546,0.880401078055971,0.15,0.0115817097775462,0.131077929251563,0.19208549030353,1,1.81589118741776e-15,NA,NA,NA,NA
"fold_specific",49,0.153601004590844,0.917595217262636,0.15,0.00360100459084434,0.121808536570613,0.185393472611076,1,1.16462395283179e-15,NA,NA,NA,NA
"rashomon",49,0.133119357726229,0.936248700265283,0.15,-0.0168806422737706,0.100680591370228,0.165558124082231,1,2.04409406068251e-15,NA,NA,NA,NA
"oracle",49,0.131139697618239,0.905536899948282,0.15,-0.0188603023817615,0.0997650213000367,0.16251437393644,1,-4.09170093640387e-15,NA,NA,NA,NA
"fold_specific",50,0.128834820681889,0.92744450887367,0.15,-0.0211651793181111,0.0967010983888857,0.160968542974892,1,2.93307045318159e-15,NA,NA,NA,NA
"rashomon",50,0.155432828414393,0.955309052271434,0.15,0.00543282841439269,0.122333666689922,0.188531990138864,1,3.97007079988576e-15,NA,NA,NA,NA
"oracle",50,0.146409487154481,0.945504903952411,0.15,-0.00359051284551853,0.113650015596256,0.179168958712707,1,4.73386087274097e-15,NA,NA,NA,NA
"fold_specific",51,0.173957391607257,0.939058954351047,0.15,0.0239573916072575,0.141421256704134,0.206493526510381,1,3.88571119724901e-15,NA,NA,NA,NA
"rashomon",51,0.127514456288463,0.919897140966269,0.15,-0.022485543711537,0.0956422321466258,0.1593866804303,1,6.7108124612858e-15,NA,NA,NA,NA
"oracle",51,0.15645177478234,0.921246089178356,0.15,0.00645177478234044,0.124532812828354,0.188370736736327,1,-3.82263665166249e-15,NA,NA,NA,NA
"fold_specific",52,0.114947292908042,0.900409276249408,0.15,-0.0350527070919575,0.083750276422193,0.146144309393892,0,-3.47735729100407e-15,NA,NA,NA,NA
"rashomon",52,0.162102130020513,0.935119024276917,0.15,0.0121021300205126,0.129702504221325,0.194501755819701,1,-2.30378216503624e-15,NA,NA,NA,NA
"oracle",52,0.141217325610109,0.889765282738664,0.15,-0.00878267438989067,0.110389097907082,0.172045553313136,1,-4.03205246968241e-15,NA,NA,NA,NA
"fold_specific",53,0.149363333138232,0.928144100818509,0.15,-0.000636666861767832,0.117205371666433,0.181521294610031,1,-5.10282788246386e-15,NA,NA,NA,NA
"rashomon",53,0.11984137623408,0.912250664551272,0.15,-0.0301586237659204,0.088234084114901,0.151448668353258,1,1.02352154529584e-15,NA,NA,NA,NA
"oracle",53,0.116816897721395,0.916293691174023,0.15,-0.033183102278605,0.085069524450756,0.148564270992034,0,-1.22082899345344e-15,NA,NA,NA,NA
"fold_specific",54,0.137985669741691,0.924585101195011,0.15,-0.0120143302583094,0.105951019049618,0.170020320433763,1,-4.85812778894257e-15,NA,NA,NA,NA
"rashomon",54,0.145340694041154,0.930822474298344,0.15,-0.0046593059588462,0.113089933368136,0.177591454714171,1,-4.67112459823227e-15,NA,NA,NA,NA
"oracle",54,0.161688989672306,0.900820371649216,0.15,0.0116889896723062,0.130477729719288,0.192900249625325,1,4.49640324973188e-15,NA,NA,NA,NA
"fold_specific",55,0.144783478602735,0.930057553611297,0.15,-0.00521652139726464,0.112559220592355,0.177007736613115,1,1.84650905676875e-15,NA,NA,NA,NA
"rashomon",55,0.148820405234066,0.954541228221394,0.15,-0.00117959476593449,0.115747846766779,0.181892963701352,1,-2.57139795567518e-15,NA,NA,NA,NA
"oracle",55,0.126125703096008,0.923574526586042,0.15,-0.023874296903992,0.0941260663843196,0.158125339807696,1,2.910727214811e-15,NA,NA,NA,NA
"fold_specific",56,0.16032035330272,0.9360195852163,0.15,0.0103203533027201,0.127889525232283,0.192751181373157,1,5.27357671420425e-15,NA,NA,NA,NA
"rashomon",56,0.133724185598213,0.928991728030407,0.15,-0.0162758144017871,0.101536855881549,0.165911515314877,1,3.52048251661685e-15,NA,NA,NA,NA
"oracle",56,0.177175753710472,0.912105868082159,0.15,0.0271757537104718,0.145573478440801,0.208778028980143,1,-4.92828000631107e-15,NA,NA,NA,NA
"fold_specific",57,0.160628641915438,0.92510974226031,0.15,0.0106286419154376,0.128575813671895,0.19268147015898,1,2.05155337162921e-15,NA,NA,NA,NA
"rashomon",57,0.154826017422168,0.933356619175509,0.15,0.00482601742216815,0.122487454722233,0.187164580122104,1,-4.33687807888106e-15,NA,NA,NA,NA
"oracle",57,0.151434815003647,0.922680694049559,0.15,0.00143481500364701,0.119466147440225,0.183403482567069,1,-5.08887203209962e-15,NA,NA,NA,NA
"fold_specific",58,0.136391530848867,0.91694641905421,0.15,-0.0136084691511327,0.104621542126593,0.168161519571142,1,3.55965257270441e-16,NA,NA,NA,NA
"rashomon",58,0.14881499498895,0.915875744099616,0.15,-0.00118500501105012,0.117082102579531,0.180547887398369,1,4.37219704885194e-16,NA,NA,NA,NA
"oracle",58,0.117357511545633,0.951414444475887,0.15,-0.0326424884543675,0.0843932886171161,0.150321734474149,1,3.02466385271316e-16,NA,NA,NA,NA
"fold_specific",59,0.140551054384672,0.928898415407522,0.15,-0.00944894561532827,0.108366957726031,0.172735151043313,1,3.68406694040147e-15,NA,NA,NA,NA
"rashomon",59,0.13853378372915,0.925243024496173,0.15,-0.0114662162708501,0.106476337576597,0.170591229881703,1,7.92699239582362e-16,NA,NA,NA,NA
"oracle",59,0.132525865494267,0.893814040435912,0.15,-0.0174741345057332,0.101557358071828,0.163494372916706,1,3.23505111587963e-15,NA,NA,NA,NA
"fold_specific",60,0.144174895373213,0.91697583935997,0.15,-0.00582510462678723,0.112403887308082,0.175945903438344,1,6.89713910984047e-15,NA,NA,NA,NA
"rashomon",60,0.143903620700253,0.933696164260689,0.15,-0.00609637929974713,0.111553293579515,0.176253947820991,1,2.37046493545279e-15,NA,NA,NA,NA
"oracle",60,0.133445696584568,0.941536278903167,0.15,-0.0165543034154321,0.100823728342171,0.166067664826965,1,6.50975801042009e-15,NA,NA,NA,NA
"fold_specific",61,0.155855764289397,0.922863259651872,0.15,0.0058557642893971,0.123880771266814,0.187830757311981,1,4.34374758384592e-15,NA,NA,NA,NA
"rashomon",61,0.136738209331532,0.929360783780938,0.15,-0.0132617906684679,0.104538092720467,0.168938325942598,1,-1.61624186256759e-15,NA,NA,NA,NA
"oracle",61,0.146102770313281,0.951074143532867,0.15,-0.00389722968671927,0.113150337994223,0.179055202632338,1,-5.06993752535934e-15,NA,NA,NA,NA
"fold_specific",62,0.160944789852836,0.927737287917061,0.15,0.0109447898528356,0.128800923469934,0.193088656235737,1,2.85570178615302e-15,NA,NA,NA,NA
"rashomon",62,0.139593526346626,0.927398677283172,0.15,-0.0104064736533745,0.107461392008036,0.171725660685215,1,-2.59306465189013e-15,NA,NA,NA,NA
"oracle",62,0.130398869554927,0.904552479566194,0.15,-0.0196011304450732,0.0990583010360326,0.161739438073821,1,-4.57615716153992e-15,NA,NA,NA,NA
"fold_specific",63,0.135390802549563,0.931288040543672,0.15,-0.014609197450437,0.103123911125548,0.167657693973578,1,-1.86989312922492e-15,NA,NA,NA,NA
"rashomon",63,0.144952690985622,0.953329706075536,0.15,-0.00504730901437769,0.111922108847716,0.177983273123528,1,5.33392774393349e-15,NA,NA,NA,NA
"oracle",63,0.164240626099888,0.952046198007514,0.15,0.0142406260998883,0.131254514430484,0.197226737769293,1,6.83057777006724e-15,NA,NA,NA,NA
"fold_specific",64,0.152451865260053,0.934331588060294,0.15,0.00245186526005273,0.120079522232466,0.184824208287639,1,-4.58190776986278e-15,NA,NA,NA,NA
"rashomon",64,0.146668748143029,0.9116460995216,0.15,-0.00333125185697083,0.115082402748518,0.17825509353754,1,3.40422134925689e-15,NA,NA,NA,NA
"oracle",64,0.166417471036079,0.946644456963333,0.15,0.0164174710360792,0.133618516705956,0.199216425366202,1,-5.06688441204162e-15,NA,NA,NA,NA
"fold_specific",65,0.177002747008799,0.923259454393409,0.15,0.0270027470087988,0.145014026791028,0.208991467226569,1,5.68399494138561e-15,NA,NA,NA,NA
"rashomon",65,0.190684646358914,0.916989594046394,0.15,0.0406846463589138,0.15891316172697,0.222456130990858,0,1.97300509263698e-15,NA,NA,NA,NA
"oracle",65,0.128741610237337,0.955042419934644,0.15,-0.0212583897626634,0.0956516866822467,0.161831533792426,1,-5.5065674242627e-15,NA,NA,NA,NA
"fold_specific",66,0.140649942932114,0.915760903236707,0.15,-0.00935005706788641,0.108921029482472,0.172378856381755,1,2.02546313055052e-15,NA,NA,NA,NA
"rashomon",66,0.173052693176361,0.94480373575626,0.15,0.0230526931763615,0.14031751541025,0.205787870942473,1,-4.05599165365089e-15,NA,NA,NA,NA
"oracle",66,0.185140347825834,0.921555360934625,0.15,0.0351403478258341,0.153210670349103,0.217070025302565,0,1.1610851169408e-15,NA,NA,NA,NA
"fold_specific",67,0.14669971200475,0.943070566285251,0.15,-0.0033002879952504,0.114024584393591,0.179374839615908,1,-1.88717097504565e-15,NA,NA,NA,NA
"rashomon",67,0.163374810906771,0.952389707392447,0.15,0.0133748109067706,0.130376797463109,0.196372824350432,1,-4.27026469740355e-15,NA,NA,NA,NA
"oracle",67,0.173197339877947,0.925136189944723,0.15,0.0231973398779473,0.14114359528573,0.205251084470164,1,6.70918182121838e-15,NA,NA,NA,NA
"fold_specific",68,0.15747572926627,0.914440519009362,0.15,0.00747572926626949,0.125792563955385,0.189158894577154,1,1.20129600711394e-15,NA,NA,NA,NA
"rashomon",68,0.15669522247443,0.93093626621762,0.15,0.0066952224744303,0.12444051918501,0.18894992576385,1,-2.90073520758938e-15,NA,NA,NA,NA
"oracle",68,0.171159567341007,0.897352375137269,0.15,0.0211595673410066,0.140068465128706,0.202250669553307,1,-2.29177787858248e-15,NA,NA,NA,NA
"fold_specific",69,0.145594525882371,0.924801120858895,0.15,-0.00440547411762923,0.11355239062834,0.177636661136401,1,1.41660988495218e-15,NA,NA,NA,NA
"rashomon",69,0.150564176145557,0.928766602267408,0.15,0.000564176145557288,0.118384646495291,0.182743705795824,1,-2.00756078427844e-15,NA,NA,NA,NA
"oracle",69,0.124821407846733,0.915639034390141,0.15,-0.0251785921532672,0.0930967168596043,0.156546098833861,1,3.05949710011078e-15,NA,NA,NA,NA
"fold_specific",70,0.153252828480555,0.915512671834522,0.15,0.00325282848055494,0.121532515652154,0.184973141308956,1,-2.55892529388291e-15,NA,NA,NA,NA
"rashomon",70,0.158506863187026,0.948598276451354,0.15,0.00850686318702626,0.12564021370939,0.191373512664662,1,-6.19976292526303e-15,NA,NA,NA,NA
"oracle",70,0.172375216245311,0.936243683678526,0.15,0.0223752162453106,0.139936623701978,0.204813808788643,1,5.86190818108179e-15,NA,NA,NA,NA
"fold_specific",71,0.14814890850524,0.921867277105539,0.15,-0.00185109149475995,0.116208423883155,0.180089393127325,1,3.46528361561127e-15,NA,NA,NA,NA
"rashomon",71,0.146981916497544,0.937005754300831,0.15,-0.00301808350245583,0.114516920039465,0.179446912955624,1,-3.67289532121617e-15,NA,NA,NA,NA
"oracle",71,0.148573428765989,0.918340131832271,0.15,-0.00142657123401091,0.116755151246986,0.180391706284992,1,-5.02167751825766e-15,NA,NA,NA,NA
"fold_specific",72,0.12588807492423,0.942035386812755,0.15,-0.0241119250757704,0.0932488137928165,0.158527336055643,1,6.09894079683926e-15,NA,NA,NA,NA
"rashomon",72,0.11802015083621,0.938053355976078,0.15,-0.0319798491637896,0.085518857498928,0.150521444173493,1,-3.48943096639687e-15,NA,NA,NA,NA
"oracle",72,0.154968529082944,0.940383111031508,0.15,0.00496852908294357,0.122386515334633,0.187550542831254,1,3.90784626880247e-15,NA,NA,NA,NA
"fold_specific",73,0.153462230785125,0.930408728747398,0.15,0.00346223078512498,0.121225805400641,0.185698656169608,1,5.16600651145893e-16,NA,NA,NA,NA
"rashomon",73,0.14241821190333,0.940942365463655,0.15,-0.00758178809666982,0.109816821333612,0.175019602473048,1,-4.70765787463634e-15,NA,NA,NA,NA
"oracle",73,0.151369326586983,0.92248113104848,0.15,0.00136932658698283,0.11940757340172,0.183331079772245,1,2.38956424092329e-15,NA,NA,NA,NA
"fold_specific",74,0.157915978668102,0.91836045676875,0.15,0.0079159786681024,0.126096996938919,0.189734960397286,1,7.02181368605892e-15,NA,NA,NA,NA
"rashomon",74,0.161952179887006,0.938772898067348,0.15,0.0119521798870064,0.129425956146322,0.194478403627691,1,6.75917655179603e-15,NA,NA,NA,NA
"oracle",74,0.142224631759185,0.915996431848076,0.15,-0.00777536824081546,0.110487557809462,0.173961705708907,1,4.67525324010509e-15,NA,NA,NA,NA
"fold_specific",75,0.140670518646781,0.918063556312916,0.15,-0.00932948135321945,0.108861823804527,0.172479213489034,1,-2.00069127931357e-15,NA,NA,NA,NA
"rashomon",75,0.172843722022498,0.926611711607746,0.15,0.0228437220224977,0.140738854152388,0.204948589892607,1,2.54091886420227e-15,NA,NA,NA,NA
"oracle",75,0.151505100858013,0.922808022077227,0.15,0.00150510085801256,0.119532021684578,0.183478180031447,1,-4.02539113153466e-15,NA,NA,NA,NA
"fold_specific",76,0.116394968955383,0.904439484207029,0.15,-0.0336050310446171,0.0850583154539986,0.147731622456767,0,-2.41237585463239e-15,NA,NA,NA,NA
"rashomon",76,0.153814916839941,0.94468820681016,0.15,0.00381491683994142,0.121083741874035,0.186546091805847,1,2.0641474640648e-15,NA,NA,NA,NA
"oracle",76,0.14231064681719,0.91231897841073,0.15,-0.00768935318281042,0.110700987787034,0.173920305847345,1,-4.63691585128601e-15,NA,NA,NA,NA
"fold_specific",77,0.156338044434319,0.932365516862934,0.15,0.00633804443431918,0.124033821046517,0.188642267822122,1,6.53699316899292e-15,NA,NA,NA,NA
"rashomon",77,0.164664652462367,0.943804369855238,0.15,0.0146646524623672,0.131964100321859,0.197365204602875,1,6.21532339484254e-15,NA,NA,NA,NA
"oracle",77,0.133401386352595,0.934943132257674,0.15,-0.0165986136474051,0.10100785478896,0.165794917916229,1,4.1574035880565e-15,NA,NA,NA,NA
"fold_specific",78,0.150728593454563,0.926848704092007,0.15,0.000728593454563359,0.118615514364697,0.18284167254443,1,-5.26023669067399e-15,NA,NA,NA,NA
"rashomon",78,0.13661561402923,0.939279786995431,0.15,-0.0133843859707704,0.104071827805947,0.169159400252513,1,-4.4266326715281e-15,NA,NA,NA,NA
"oracle",78,0.177244463177992,0.959228408558899,0.15,0.0272444631779918,0.144009505181826,0.210479421174158,1,7.5987827141688e-16,NA,NA,NA,NA
"fold_specific",79,0.158184955035465,0.925008015927319,0.15,0.00818495503546507,0.126135651364771,0.19023425870616,1,6.91266488495046e-15,NA,NA,NA,NA
"rashomon",79,0.121171249010454,0.946835173269683,0.15,-0.0288287509895465,0.0883656868188725,0.153976811202035,1,8.94770368908837e-16,NA,NA,NA,NA
"oracle",79,0.134719099062814,0.944931354366738,0.15,-0.0152809009371858,0.101979499618695,0.167458698506934,1,-4.95400595545981e-15,NA,NA,NA,NA
"fold_specific",80,0.147133630953404,0.928452590123369,0.15,-0.0028663690465959,0.114964981068921,0.179302280837888,1,4.21872606293228e-15,NA,NA,NA,NA
"rashomon",80,0.151549189199633,0.943372579088985,0.15,0.00154918919963284,0.118863597570982,0.184234780828284,1,3.04464786715641e-15,NA,NA,NA,NA
"oracle",80,0.118019688984564,0.919443687698864,0.15,-0.0319803110154359,0.0861631759081635,0.149876202060965,0,1.09100228851133e-15,NA,NA,NA,NA
"fold_specific",81,0.146546174779085,0.938871592022868,0.15,-0.00345382522091472,0.114016531530141,0.179075818028029,1,-1.29165775297757e-15,NA,NA,NA,NA
"rashomon",81,0.161384774689877,0.928266907307805,0.15,0.0113847746898769,0.129222558268499,0.193546991111255,1,6.80705491973299e-15,NA,NA,NA,NA
"oracle",81,0.151737533566265,0.899207542085504,0.15,0.00173753356626508,0.120582154279756,0.182892912852774,1,9.7012675670527e-16,NA,NA,NA,NA
"fold_specific",82,0.14889330488563,0.91919936949154,0.15,-0.00110669511437006,0.117045256847677,0.180741352923583,1,2.21996032667704e-15,NA,NA,NA,NA
"rashomon",82,0.149925349221791,0.936577863752842,0.15,-7.4650778209423e-05,0.117475178142383,0.182375520301198,1,6.58466337011277e-16,NA,NA,NA,NA
"oracle",82,0.154169658922329,0.908805136600056,0.15,0.00416965892232921,0.122681746062263,0.185657571782395,1,6.1380761584573e-15,NA,NA,NA,NA
"fold_specific",83,0.138904952859705,0.932625002423757,0.15,-0.0110950471402946,0.106591738921125,0.171218166798286,1,6.71129818385907e-15,NA,NA,NA,NA
"rashomon",83,0.134961874649655,0.922772867747633,0.15,-0.0150381253503452,0.102990013489216,0.166933735810094,1,-2.01325067727964e-15,NA,NA,NA,NA
"oracle",83,0.150314258800107,0.907660648363284,0.15,0.000314258800107298,0.118865999705648,0.181762517894567,1,1.35738642548233e-15,NA,NA,NA,NA
"fold_specific",84,0.188791829108857,0.922962845003125,0.15,0.0387918291088574,0.156813385693295,0.22077027252442,0,-3.62834762235309e-16,NA,NA,NA,NA
"rashomon",84,0.165607470155351,0.935259179822891,0.15,0.0156074701553506,0.133202988303483,0.198011952007218,1,-6.47041448198493e-15,NA,NA,NA,NA
"oracle",84,0.126675865602362,0.935276548525677,0.15,-0.0233241343976379,0.0942707819667046,0.15908094923802,1,3.91423005119407e-16,NA,NA,NA,NA
"fold_specific",85,0.15847735572948,0.936122952817184,0.15,0.00847735572947969,0.126042946220208,0.190911765238751,1,4.41818456820009e-15,NA,NA,NA,NA
"rashomon",85,0.149315384371479,0.934783196816869,0.15,-0.000684615628520568,0.116927394186322,0.181703374556637,1,4.13905021368066e-15,NA,NA,NA,NA
"oracle",85,0.160901826678944,0.911814954154297,0.15,0.0109018266789443,0.129309630877403,0.192494022480486,1,-2.49357826054286e-15,NA,NA,NA,NA
"fold_specific",86,0.153022342743533,0.931729452285582,0.15,0.0030223427435335,0.120740157463988,0.185304528023079,1,6.69575506151432e-15,NA,NA,NA,NA
"rashomon",86,0.134476207320468,0.923290215322754,0.15,-0.0155237926795317,0.102486421310457,0.166465993330479,1,-3.39291095219352e-15,NA,NA,NA,NA
"oracle",86,0.14995740645682,0.931943639518774,0.15,-4.25935431797864e-05,0.117667800104635,0.182247012809006,1,4.52436699216463e-15,NA,NA,NA,NA
"fold_specific",87,0.145422249410004,0.943204819561637,0.15,-0.00457775058999627,0.112742470245616,0.178102028574392,1,5.51371448498372e-15,NA,NA,NA,NA
"rashomon",87,0.187703067274697,0.931139610787811,0.15,0.0377030672746972,0.15544131858484,0.219964815964555,0,-7.5184997117006e-15,NA,NA,NA,NA
"oracle",87,0.18470390748906,0.945214750045004,0.15,0.0347039074890597,0.151954489066082,0.217453325912037,0,-1.29320165687119e-15,NA,NA,NA,NA
"fold_specific",88,0.115220022409627,0.926003454217489,0.15,-0.0347799775903726,0.0831362291956017,0.147303815623653,0,1.77885484120566e-15,NA,NA,NA,NA
"rashomon",88,0.159310702323551,0.960317576235251,0.15,0.00931070232355127,0.126038007286185,0.192583397360917,1,8.29929874823776e-15,NA,NA,NA,NA
"oracle",88,0.153341064157851,0.886722460585712,0.15,0.00334106415785124,0.122618262926289,0.184063865389414,1,-4.76466088805694e-15,NA,NA,NA,NA
"fold_specific",89,0.125546082416346,0.90909558576216,0.15,-0.0244539175836536,0.0940481061911667,0.157044058641526,1,-6.30936275447525e-16,NA,NA,NA,NA
"rashomon",89,0.154039570420173,0.923602799880989,0.15,0.00403957042017333,0.122038954106795,0.186040186733552,1,-3.5603464620948e-16,NA,NA,NA,NA
"oracle",89,0.146408279291073,0.909186877285122,0.15,-0.00359172070892724,0.114907140034123,0.177909418548023,1,2.91152518760995e-15,NA,NA,NA,NA
"fold_specific",90,0.156393651083133,0.921295686273173,0.15,0.00639365108313289,0.124472970709062,0.188314331457204,1,3.79737907785227e-15,NA,NA,NA,NA
"rashomon",90,0.141971673791386,0.924519449177237,0.15,-0.00802832620861435,0.109939297783876,0.174004049798895,1,4.20209006479766e-15,NA,NA,NA,NA
"oracle",90,0.152485854935837,0.939865924661105,0.15,0.00248585493583728,0.119921760451743,0.185049949419932,1,6.76185669956642e-15,NA,NA,NA,NA
"fold_specific",91,0.15801984841749,0.938557958508582,0.15,0.0080198484174904,0.125501071815719,0.190538625019262,1,-1.83172921275343e-15,NA,NA,NA,NA
"rashomon",91,0.164000409014241,0.937285051293099,0.15,0.0140004090142412,0.131525735586919,0.196475082441563,1,-1.68524916244195e-15,NA,NA,NA,NA
"oracle",91,0.180071766138727,0.914919905699224,0.15,0.0300717661387275,0.148371991231672,0.211771541045782,1,4.17027523624824e-15,NA,NA,NA,NA
"fold_specific",92,0.156152380987881,0.938210689910939,0.15,0.0061523809878811,0.123645636408048,0.188659125567714,1,-3.68073627132759e-16,NA,NA,NA,NA
"rashomon",92,0.157773688656332,0.920120572054567,0.15,0.00777368865633157,0.125893723164501,0.189653654148162,1,-6.12097178498416e-15,NA,NA,NA,NA
"oracle",92,0.14717537776201,0.90057903640069,0.15,-0.00282462223799024,0.115972479495088,0.178378276028931,1,-1.48627637974741e-15,NA,NA,NA,NA
"fold_specific",93,0.144918999369568,0.928976383181433,0.15,-0.00508100063043174,0.112732201315026,0.17710579742411,1,3.51253748309688e-15,NA,NA,NA,NA
"rashomon",93,0.160520261571058,0.925485844438627,0.15,0.0105202615710582,0.128454402291334,0.192586120850783,1,-2.55722526487645e-15,NA,NA,NA,NA
"oracle",93,0.161537752732085,0.947286462144496,0.15,0.0115377527320854,0.128716554466067,0.194358950998104,1,-2.32477231909556e-15,NA,NA,NA,NA
"fold_specific",94,0.142455563454434,0.928554679531885,0.15,-0.00754443654556572,0.110283376417409,0.17462775049146,1,6.46184494801361e-15,NA,NA,NA,NA
"rashomon",94,0.154883179032829,0.954548646194557,0.15,0.00488317903282878,0.121810363550608,0.18795599451505,1,1.63959124055424e-15,NA,NA,NA,NA
"oracle",94,0.135776218661224,0.907626554248852,0.15,-0.0142237813387758,0.104329140845854,0.167223296476594,1,-4.39780156735736e-15,NA,NA,NA,NA
"fold_specific",95,0.127045588960386,0.931013151796458,0.15,-0.0229544110396142,0.0947882217705218,0.15930295615025,1,-2.0641908321517e-15,NA,NA,NA,NA
"rashomon",95,0.173433660409632,0.92984371491316,0.15,0.0234336604096318,0.14121681139599,0.205650509423273,1,-6.54540657785141e-15,NA,NA,NA,NA
"oracle",95,0.148613820452735,0.930708987986988,0.15,-0.00138617954726541,0.11636699180754,0.180860649097929,1,5.27971763530921e-16,NA,NA,NA,NA
"fold_specific",96,0.145436419559245,0.931675405210042,0.15,-0.00456358044075508,0.113156106880917,0.177716732237573,1,-1.89787421889243e-15,NA,NA,NA,NA
"rashomon",96,0.13069834157907,0.930295586022717,0.15,-0.0193016584209297,0.0984658363179576,0.162930846840183,1,3.33962024701151e-15,NA,NA,NA,NA
"oracle",96,0.154586793213882,0.894154918535893,0.15,0.00458679321388236,0.123606475184883,0.185567111242882,1,-8.52373727155964e-16,NA,NA,NA,NA
"fold_specific",97,0.151395245966895,0.936322280581955,0.15,0.00139524596689541,0.118953930229837,0.183836561703954,1,3.4873492982257e-15,NA,NA,NA,NA
"rashomon",97,0.174733189307794,0.938345771695112,0.15,0.0247331893077941,0.142221764468929,0.207244614146659,1,7.92189230880425e-15,NA,NA,NA,NA
"oracle",97,0.142701359805597,0.916694656454808,0.15,-0.00729864019440324,0.110940094052056,0.174462625559138,1,-4.13436646029552e-15,NA,NA,NA,NA
"fold_specific",98,0.139731512017776,0.911688942894511,0.15,-0.0102684879822241,0.108143682203405,0.171319341832146,1,-1.2461559562027e-15,NA,NA,NA,NA
"rashomon",98,0.143250713479855,0.924425779713691,0.15,-0.00674928652014478,0.111221582894039,0.175279844065671,1,-2.9517360777831e-15,NA,NA,NA,NA
"oracle",98,0.139663054925674,0.952705653746826,0.15,-0.0103369450743263,0.106654094700492,0.172672015150856,1,3.61363716727681e-15,NA,NA,NA,NA
"fold_specific",99,0.139704199011765,0.918197452858632,0.15,-0.010295800988235,0.107890864976142,0.171517533047388,1,2.61214661012588e-16,NA,NA,NA,NA
"rashomon",99,0.159524809788847,0.924495693655976,0.15,0.00952480978884729,0.127493256853032,0.191556362724663,1,3.29819505040518e-15,NA,NA,NA,NA
"oracle",99,0.129928747707191,0.917238829945854,0.15,-0.0200712522928091,0.0981486276505913,0.16170886776379,1,1.70946590216658e-15,NA,NA,NA,NA
"fold_specific",100,0.137499004176139,0.91705991574085,0.15,-0.0125009958238609,0.105725083066563,0.169272925285715,1,3.48623907520107e-15,NA,NA,NA,NA
"rashomon",100,0.134661690410026,0.930397073122621,0.15,-0.0153383095899741,0.102425668864916,0.166897711955136,1,3.19258508518772e-15,NA,NA,NA,NA
"oracle",100,0.144874359435011,0.92975860835341,0.15,-0.00512564056498868,0.112660459159036,0.177088259710987,1,4.99355765071208e-15,NA,NA,NA,NA
